$ANSIBLE_VAULT;1.1;AES256
39653230623565633030366366383936316230306232383563633066363136336239643464323665
3064366236353865633331303230666233613632383739390a343965343264623062346338363832
38653330323937396338336666303431666337326430376564623366356434306237333130623439
6664626134383037350a346562316632613138616364616365613032386362393461623338646466
65363539613732666631346335313735373362323461653462346336333862656564633333383233
39316131326463383538656330643664616435356466303064643363393162313863326465313764
64333632373939333633396235626239396464396561393934646664303838366339386266663232
34373531373232656438363933373966316138316531306263633933393236383537636430363432
32633239333163343430643632316430373139623362636566393438363737333663353538343566
33333132313061386535346463326262363038343266353236626165666434663737663264633636
61383739663331346633653338623861373832356531383333316430623134356165333862393736
32336539396161666238616434663530353035633435306439613037316161383631333463393463
34326235366236633832363731613738633736343562396331616337333864353630643731633866
61653333633734626364383633646533386638326138373138393562313737383961613031393666
30396464383162653436383138623238616664373030386563303865303039393864663737333961
61616266613962333432643865363030643632383436316438306236343061383966396261663834
39366338323032306230333138393562316434633233613938633362396532623761353638633531
35623662356333363761326338393364386166383665373866366537346535623833363230653237
39376638643439393263333762363137663466313636323630323465366438343135343166306334
34363161333535336139303937306563613839386138363137343739363836343464323632353337
61336637383238333432306231303166343435316262666264643433343864396263633638653730
61663065623532386131643738306135336231396364613463663539326134623939656437323430
32313763376532363165613463633062613061656333306437386634363765636364316365376237
61623536333031633530346336363032643463343936363638623237303366653537343963333436
37313933386661303762396333343731363033363465323362383332353633383063623631653430
63656434353465353162376362636663383966373835396539643362373030333538663235656137
31313066386362663966363862336164613833613535653737393265646563343235386337323238
33323362616130363633323534613361653961626465366563613738336462366162336630633532
64663261636339313363663734373063323830653536323431663764376430633231346366313331
36346366653239383439396563353032353638366337326633363539356363623532376561616564
33343639373536373530313630383435383630633332613835616335333862346438386139623336
63616561303032393663666431343330363931356562306264636234323562353164626432366436
65373064313033666233346537323562623038376162343232346636356265623661393665643539
61336531366231316565393563343934336330653266363431383434313036363738363532366333
61383861636132663336626165316164623765343764393861393561646238643234386435623838
61303462346532383464376134653936623433383464376637626531653234393766646438663635
61343330353037666265313963626638346239376362623138336235373937616365343463303364
66383437356266613465666165633232346163356539316436343330303265636333613435353330
63653138336532323039343838303133303162363431666132306237346339393739383436333733
37323937336464373565653339656335373332663064383666646333323935323965313236373462
36616363626433613532363062653738333539353431313231626461623864613962376164383732
39653332346664376134623364373039333136643662323762373230303434663736363133323530
34303837663735626339376266356465316133653536363634613532383330333435376262636661
62653565643337343130323538646265633861353430623532343438623165336562336637666663
63353933313430326461633538663230373465303435656465373964633534393366393233313636
63373633333663613263613333336430643332643865613066653936313965616532653930626537
36663861633166393661663837386534363666366361356531316635386162303862343737366662
61303231346337303438613430626365613830393436306363663431343130313135363332313033
62663561353330336130626531303961336264313139336431376461396438306261323535336136
64303538376131306262396236303335623765666665313034623035326136313030363836396532
62313631656330316563366138613331336637313964323632666236626333633535313732653036
36356534653736396164366135316336343838666364316635306661306361383834353033303961
62633761306131353561376637663239643232373733333331623333376238323537646465616263
31623639303132303234623763346539396331363837306639353736386161303461373534626134
63363439313538636666333836346237353132636261356161636337356661343462316432663066
32646533663564336163633536316663666334343739663830643032376532396337643366313333
65653137613337326263623935346533373832343033346433333134376636313563656336346337
36336234376137666139616535306665303935313332656462613736646434633062656664653063
37363534616561383232333461353761643336303865633566393864303163313536623739353931
38663331653933303563613530343436356535623961373038633438626531353139376365613163
65326465663532633434643063356233656631353136643366366631633766636262366266306438
65346537336461393632323637353166663064353031646531303565643963326166363766306161
37396332376265666165636235313134313932613430666461613366316464333535633932326264
39353263323934356463643261646538316632613031623963363065376464306538623961373661
34623762616161643861653531616634646338363535656463626237313631356538363832616332
35383635656132613939353662306536313330313563366162663734383139653931383937346261
32653637323962323331326432303266666636613736663062333435623033383962343966326630
30626366616633346564643461353364356537383362643835363433653865326435376331613363
30663338313263386232346634613133313861386530336130633061313334366361653263636662
65656565333030336366626234636632643961633663303561323332336132373435303738346537
63386435656663663961383830333433353762626235313638633233393530656165633531393931
37356261343839623166306137616130623466653865323466346637343939366338356431396337
30343139386230306666656330373165393032613231626366393130656365643332626363303063
32323035633163646535633836366638653739633439656632356139346430616330396535633761
64313034643663323961613335646162393965646531383537663062346361386661383061363963
61666332623665656635333066336561616631333135623332376562333732393930353165653533
37393762643630353234633338343766366366623536393763353531303935376163666537646363
32653262316339353133336566323837623130653966353463383633316164343832623637363332
61306630613463326436303633373936333364383930363338336438616361616236353434303366
64623231306465646263303563663638336331336531366530613434373434303933333062356538
36626566623435326435353765346563646639383836386663303438386565316137623434316239
38323532383330643432376434303431643862353130623134373130663137313631383932663163
64326136356332323131333339643134633632386534633461313866656130323463623762666161
32366665623161383064303336646339326262633237633932653439303730363030633239313362
38306534626564396633623466356530666365623163623062383363373338663633313631613664
34323133626534316561393839323038363136313339353630616433356464396561333338343932
30613662396237376635313639353361613037373862623438303532343661356533653463666338
31646339643861633830323934353864303434643163363566633766666462663636613336316630
61306666383631323137396236653066633666353566316238363033626664303731633864353431
32303833613033623563373531623538353638333365313766356263646563366239313635393832
37373462313139343437663338353437323464626263303737353861653037613863663833303333
65303231393065383563316132316164356361633466646131653335396664623365643066303939
39613735313139666336346465333033343663623931353762653333633261336661353039316161
61306165623237353033643030393433666466346137656264636239633038383662373437626237
39643639633266626138373136356631356530393965353037373636326563663233353337396465
33646262373830303736643662356334383865346464666637346131653538663732333139323933
66356531353039373235343437373939333863656632373664303336653135396537633765326130
32313866666162623333323136666337336531323763353134396137376433386364393564653563
39616162653230663335393461646635333365613765646233333833333963623137646162326434
36333963646632343032316338356232353135366566303232363535666562343536363563323561
66323138633637303239373737643831386439323932313766346331623132663463333934373733
32633530373565663163323862313866306266306633306531336530633730326532353465333062
30633466373566396534363335623764313338383233363135623837306432653334386262333061
33363035386330313862633762636335326632333330366231633262393263383764626134393061
66613333393564613530396333396261343637646135343066663964373330323834663635336631
64326266393039373764383936366333336133313162363366633036626534376262653063336633
32643932313762613766343330343132363033613866633737613865343464636634633766613335
65376262393761363663626533636133346630393334373661363966373434653639376261323831
39313137363330333438626134613665346461393731383237336165383135346231333662633436
32353930306163646466316533653662313030616330663034333533316530313862626533663537
38626635336333366432366439653533343461663835643662316364626165373665636164633932
37346534306363366666633561646337366361623431613338383632666165613337613536363337
36336165653838626463333834323735616437613861616632613364653030663839636361356362
36326336323334306361316434613535313933386438623937326337326365343537613461313765
35623831636633666433633033363630333535623436653961633536643539623665333964363233
33346330643739373734396166646433316235353166373635303130303135336131373337383237
38346265343837333330306133343638356633616337393539373636306464633463636136323562
33633138623632306137346535373430613031366134666563383536656632633939313965303561
39656161373235383932666638383633326663306632636338396361626234333334613165613736
66363838373530626464623536396532393135643534363535373163396132306465666266663766
36643634356336306534616664653763646635383238663239663665326136353865343138363065
31373835326632653763663539343563646531626339366539613831303130323032656534653039
33343337653735303636383263353438636630646134323038656537623832623839303331613031
39343939653135623435336566373464346166303435653063336137366632316239316661643630
39343962333732633561666430383239313039326233623266386630313531393163636464623331
35326535303239643535366266653964393732393961636364306437623462396631623031363865
33393738663866383363346637386332636364363437666339313539396433363266353031663330
66656530303635643630636531323565623433393232326562666162633062363364356437303864
37633339336464613430646239313432623163636639323936653433343631343639396535363065
61366434316133303466316434643536663633316635393362623634656334333436313966666239
34656666333835636532326136366431333836373362616564323930376662656438393139656466
35363038643137353361
