$ANSIBLE_VAULT;1.1;AES256
38653163383634383463343462393634653739356231623766323231373766343463366437303033
6365343564333039626239363862396532356633613764610a313339396361323130646333386162
64666262346535343761363962346331373333363762393932663532343434633736313634663334
3536356439653235390a336633363435313363643261663737623262303339373161343033306365
66666566363463353665623037646530383062616233333639393764396439336237383235636237
63613439373831336666373734666464633661623732346532653130316562386438613062613762
65643232306433613932633330313532346463643537303531623031393265393637303634663263
65373439623961626234393732643736363563656432613531373866393636373637333336373437
30616236343865336136373166393966643239623736636137393534353561663465346436646439
34383037343333306665316636383861363539313165346361306661656538663131383165346635
33303639386332653235626262353830666461346235303361313438326363303865373664363031
61656361316562313732353364353464643563393134643734353764363230643766346665633135
36643733346637323736343838356565366563383939646665313632623934623137643433663465
63663938366563376138333763383633386666353938316536366661366337646563373031353865
63633433396438306431656234353565663563356666386433353238353737326431646534383936
34323530633638666332386434313632373661626230343839356439633166313763366637643464
36633966306333323136303765333533306562363535326136643433653665653166666537643034
34303164613535343138623265616633383434366465623866326261333931626461316464353761
30333533326433306465666463636666313734323562653439643834396565656130623864656566
39323831316531303665356339633764366561643836383065353266613839666633646462313437
66373230353335333738626437626563656635323061336537353064366631373437663137653531
30383630656638333633356330613361663531343837326333336564363765383262613138323136
31343739356137396262383833383735363338653039303534636232653336396534643665356466
38633737323639383335643663343638383536386536396235663465313562323265633237333964
66343739343337623531656430386537643931396563356661393566303237646363633731346235
36613864353434616161383263343832633533613561323431363039316132643139633561303866
63633162313535636466336564613135633532353864326539393162303662313338383534626231
37376339616565643961376432376266633663306535633433323162333233613764666430616665
31366136373766383965366330323436373539366436653230373763643332323439646236316665
39653439396336666335363461613636643830613733363165613861656364643037656163336436
36636331393966313262363634396535633163343336633163663163376438353232353637383766
61666562623037303462353637326131383065656166663039373938666633663231343966613034
61306533383338626338373832353630626539303166316631366132343065336439393363343734
64333235396530316566373435643839333161653530643339376634363532303130653630343066
61626366633031343161323535353566613034653730626337323435373332643161626365646139
39613561323434626638663764376536323330343836376534623239666431616533303565666530
61316535343339633833346166613862373233653961646139316131386264643163653630376663
30636130646139373638396364623936393939666636346336633532323532373233623432383032
64383537366363356365333434643861313462626161363634306630666432313635633965643838
32343337616662643464353035323731303933326538366437353139373165353462613232653463
34303737373861346534326636366530663037623637663030306235336264643032396630326336
66383464643864303630343337316462373033353635373431313032643737376436363930373866
32633239653430623035633864373731623533303264313533306363393130626166356363306630
63623431653438666337313265343438656133353061613032343362366539343966343761313132
34313037363236383931323034653438383631316532356266363234646166623365316131353862
62613266303231303239393365666362623636633930323061336531376230353338333035616662
38666632373965653665313432626562323761383339343464613561653962303533373738646430
66323134626130653831613966613362663938363834386537386363646566353836623435663638
32303938313630386462346361613034313764386635383762306238393831303739316539653261
65343538376437643333646137326639306336383863376461363437323938643034633138636138
35303439623966343137646637653261373035646338373764653535666236353730313536346333
61373761363662613938323636653962666135396333646434353437323130386134323566396636
39623233656431323239623165343337646133366637333632373761353361653138393966303338
32636632313165316532366430323037303662616237663461666266333038363830313761313764
36616537323162356262643565656631346132636630353531613663363364633138663534333630
32393339346564373666303736616132643862313135343531313865663532646239646138326432
64393638633966663862343631313263356635636530306438393330643435336534336363303732
34616366396437393933316334616239666231346433636339353164393336343336636265623432
61383062336238356336363838363761623033326666313630333061633238363265356463663637
30313939326634643033643330373863313161333931633837646663613830393737346164353239
39666463663538373061666433626439343330353735316533353766376662306532396363653866
63376534303365303765336662346362613234663564613463623230653935383333666663393130
62353934613934383838313064623330613362643163356265343534656132613330373465643262
65396636636130333234383365323831323663656336353431633665323237653835643934323165
36623863663536303733393032636632626130633561346262386635393339333132613731633133
62616137643835623366626466396566306365346332373333646330373865356266303831633163
38306665303832626163353862633366393362353232313034303065346630373033366466366534
38656662393537363065623562396236343232316530653065663831666662373832626131646136
35353165363434323264343462316562366566313861383736346130666564333865353337303034
36643736313038393036316632373036613234666163353533336138656366643838373932376239
66366230656562626466343932393862383931343234643436306132356532623662333261633737
34366364633339313936336262323132306239343737646536656634653032353866336231303439
66303039303263316638633135353730366463616139626365653866646330373562323665326432
31303466303365376562663839363164613861346261666433306464343766643135346464303032
39643231343461376564316435373065396462323239366231376339336364316632616564663734
39373237643264393739623938313862366465346461393136303766326265613632646366366638
34316136373734656462646138316361393530323666313161333166353934393030393066386134
30346438366136383263363236386366343836346332306661643135363435363139333663363539
36363666373463663831373565323938623735613830643839323430653031333539343763306433
61613761393331613236653336643035666238386239346138613666363062613838346331306466
36336466653338623764333962626637336233353866613239343461316534353331643339653931
62626266343634356362373736383761373936393164663665303866386239646665663362326136
37333165386438396662386233633538623539636566663632323731316338663733306236613436
65383461653130623930663936386537333731366231393439376135306638363665343562393065
30383762643561346233396266656232393637396331373434646138666437303533663561663632
31633934346665386438363463626337376638363538396531663662623266373061616333376536
39626366656465613361316463396239343562346165643330316161313361623233663234313062
61313430633264616165633533663862303637643532623764663037363037323166366364666636
34633363666336313264353234386231626436356661616463663466316338393461303839633433
33353338653261366536636638623938623032323534343865353034663838626332633266356434
38666634383433646132333361396262363562353632633435353962633733396162383631383831
37366336306363326533366464346464623530376631336665303361623531393037366266623238
30363761363037373666336636306561363464373835346662626238316432623264663137663839
65343066313433373731626534653365313232653533373164373465323431336632636435306432
66313137303738336338383938353463633765623831316335333863633331393234306265373430
34303266343339303330656661633733656364313432656262353962633836363066323731376637
33303562613033396531633638653739333931303564323261393033643630623236653661663261
30393166636233353137366534613962343439383264373737383737656539363730373339376661
35636233666665323665643564346537326536653965383937356236323937326531336333303930
38656533643931323763643535373038303832373534373630353932636434613936646335313231
32623234663130346232393239646266643839383538653634336366336133393566626236653162
33666233393337613861333134343862313061313432363437313431323038353934333866346238
61613835383633663063306335383235383061343665323534356535333636663838616365363661
34646634326161386435653234656631633631366637613731373633343133346161376633333539
38653539376636316237353839353635363633643737386632323865323736633135646161373232
36366531653535353165633934613862663731623965656131666263306362363039643163363731
32623337393163356336633634313966663239653630356462383461353332623566646565623839
35363835323738366233306232656531653238343962343836326331313436653839346436316331
39313665633962326537636436643136333165626632323637626132393534343932313535353931
61303361663431663861666237363938616332336162633536626635663831386363656439313937
61366264373536386637326533666566363431656362333636353161643139613362663832623235
39623831316563373530663938646562653664343034633438353334623037633065306337626562
31646633323764373039373461663437323231373638383038303733393238613062353434643732
38313430386433666634373337633761646365666663393035303233393365323138633832313436
38636636383331346136363932343562313634393061333931346465363564306530316336396162
34616563356536346439393461313865613164363465316261393562643962666632633432613061
36646533633463613764646433396530643231656161643436373732633737343935663731613561
66393036613236356131623232353833623934613835613633333130636137386665643438366631
32383965386464333463373138313134343664396162613533613036663565313066303930663962
63356362363966623536643864336361343066636265613434393062663966353436373031373934
65333739333262343963656334633635663332663162373230336136343162353633633333396332
64393661343032396163326436343665343564643033323264326464353237366639626666326164
34623066303866663431376363643165653265333666656132336235363535393166626438376535
35663830633331666437303961623866373334666530633439376333333762636437373532323331
3734
